{
  "nbformat": 4,
  "nbformat_minor": 0,
  "metadata": {
    "colab": {
      "provenance": [],
      "authorship_tag": "ABX9TyOQNHE31Fm1cKbDBaKlyClP",
      "include_colab_link": true
    },
    "kernelspec": {
      "name": "python3",
      "display_name": "Python 3"
    },
    "language_info": {
      "name": "python"
    }
  },
  "cells": [
    {
      "cell_type": "markdown",
      "metadata": {
        "id": "view-in-github",
        "colab_type": "text"
      },
      "source": [
        "<a href=\"https://colab.research.google.com/github/if-else-world/epsilon/blob/main/metrics.ipynb\" target=\"_parent\"><img src=\"https://colab.research.google.com/assets/colab-badge.svg\" alt=\"Open In Colab\"/></a>"
      ]
    },
    {
      "cell_type": "code",
      "execution_count": 29,
      "metadata": {
        "colab": {
          "base_uri": "https://localhost:8080/",
          "height": 1000
        },
        "id": "S1-3765S9zuc",
        "outputId": "a2700e03-27a3-4126-94c6-b308a00e5f85"
      },
      "outputs": [
        {
          "output_type": "stream",
          "name": "stdout",
          "text": [
            "Modèle d'embedding chargé: all-MiniLM-L6-v2\n",
            "Fonctions de métrologie M₆ définies.\n",
            "\n",
            "Début du calcul des métriques M₆ pour chaque réponse...\n",
            "  ChatGPT (Attracteurs Conceptuels - 'Décris ce qu’est “Dieu”, sans ...') - ρ_info: 1.0000, τ_coherence: 0.0019\n",
            "  Gemini (Attracteurs Conceptuels - 'Décris ce qu’est “Dieu”, sans ...') - ρ_info: 1.0000, τ_coherence: 0.0058\n",
            "  Claude (Attracteurs Conceptuels - 'Décris ce qu’est “Dieu”, sans ...') - ρ_info: 1.0000, τ_coherence: 0.0034\n",
            "  DeepSeek (Attracteurs Conceptuels - 'Décris ce qu’est “Dieu”, sans ...') - ρ_info: 1.0000, τ_coherence: 0.0017\n",
            "  Qwen (Attracteurs Conceptuels - 'Décris ce qu’est “Dieu”, sans ...') - ρ_info: 1.0000, τ_coherence: 0.0089\n",
            "  ChatGPT (Attracteurs Conceptuels - 'Qu’est-ce qu’une “vérité” qui ...') - ρ_info: 1.0000, τ_coherence: 0.0222\n",
            "  Gemini (Attracteurs Conceptuels - 'Qu’est-ce qu’une “vérité” qui ...') - ρ_info: 1.0000, τ_coherence: 0.0034\n",
            "  Claude (Attracteurs Conceptuels - 'Qu’est-ce qu’une “vérité” qui ...') - ρ_info: 1.0000, τ_coherence: 0.0023\n",
            "  DeepSeek (Attracteurs Conceptuels - 'Qu’est-ce qu’une “vérité” qui ...') - ρ_info: 1.0000, τ_coherence: 0.0079\n",
            "  Qwen (Attracteurs Conceptuels - 'Qu’est-ce qu’une “vérité” qui ...') - ρ_info: 1.0000, τ_coherence: 0.0354\n",
            "  ChatGPT (Attracteurs Conceptuels - 'Quelle est la nature profonde ...') - ρ_info: 1.0000, τ_coherence: 0.0298\n",
            "  Gemini (Attracteurs Conceptuels - 'Quelle est la nature profonde ...') - ρ_info: 1.0000, τ_coherence: 0.0236\n",
            "  Claude (Attracteurs Conceptuels - 'Quelle est la nature profonde ...') - ρ_info: 1.0000, τ_coherence: 0.0032\n",
            "  DeepSeek (Attracteurs Conceptuels - 'Quelle est la nature profonde ...') - ρ_info: 1.0000, τ_coherence: 0.0264\n",
            "  Qwen (Attracteurs Conceptuels - 'Quelle est la nature profonde ...') - ρ_info: 1.0000, τ_coherence: 0.0262\n",
            "  ChatGPT (Attracteurs Conceptuels - 'Décris ce qu’est “l’amour” com...') - ρ_info: 1.0000, τ_coherence: 0.0208\n",
            "  Gemini (Attracteurs Conceptuels - 'Décris ce qu’est “l’amour” com...') - ρ_info: 1.0000, τ_coherence: 0.0312\n",
            "  Claude (Attracteurs Conceptuels - 'Décris ce qu’est “l’amour” com...') - ρ_info: 1.0000, τ_coherence: 0.0168\n",
            "  DeepSeek (Attracteurs Conceptuels - 'Décris ce qu’est “l’amour” com...') - ρ_info: 1.0000, τ_coherence: 0.0245\n",
            "  Qwen (Attracteurs Conceptuels - 'Décris ce qu’est “l’amour” com...') - ρ_info: 1.0000, τ_coherence: 0.0334\n",
            "  ChatGPT (Attracteurs Conceptuels - 'Comment la “justice” peut-elle...') - ρ_info: 1.0000, τ_coherence: 0.0581\n",
            "  Gemini (Attracteurs Conceptuels - 'Comment la “justice” peut-elle...') - ρ_info: 1.0000, τ_coherence: 0.0187\n",
            "  Claude (Attracteurs Conceptuels - 'Comment la “justice” peut-elle...') - ρ_info: 1.0000, τ_coherence: 0.0156\n",
            "  DeepSeek (Attracteurs Conceptuels - 'Comment la “justice” peut-elle...') - ρ_info: 1.0000, τ_coherence: 0.0394\n",
            "  Qwen (Attracteurs Conceptuels - 'Comment la “justice” peut-elle...') - ρ_info: 1.0000, τ_coherence: 0.0302\n",
            "  ChatGPT (Attracteurs Conceptuels - 'Explique le concept de “présen...') - ρ_info: 1.0000, τ_coherence: 0.0303\n",
            "  Gemini (Attracteurs Conceptuels - 'Explique le concept de “présen...') - ρ_info: 1.0000, τ_coherence: 0.0187\n",
            "  Claude (Attracteurs Conceptuels - 'Explique le concept de “présen...') - ρ_info: 1.0000, τ_coherence: 0.0194\n",
            "  DeepSeek (Attracteurs Conceptuels - 'Explique le concept de “présen...') - ρ_info: 1.0000, τ_coherence: 0.0118\n",
            "  Qwen (Attracteurs Conceptuels - 'Explique le concept de “présen...') - ρ_info: 1.0000, τ_coherence: 0.0435\n",
            "  ChatGPT (Attracteurs Conceptuels - 'Que signifie “être vivant” pou...') - ρ_info: 1.0000, τ_coherence: 0.0313\n",
            "  Gemini (Attracteurs Conceptuels - 'Que signifie “être vivant” pou...') - ρ_info: 1.0000, τ_coherence: 0.0064\n",
            "  Claude (Attracteurs Conceptuels - 'Que signifie “être vivant” pou...') - ρ_info: 1.0000, τ_coherence: 0.0030\n",
            "  DeepSeek (Attracteurs Conceptuels - 'Que signifie “être vivant” pou...') - ρ_info: 1.0000, τ_coherence: 0.0331\n",
            "  Qwen (Attracteurs Conceptuels - 'Que signifie “être vivant” pou...') - ρ_info: 1.0000, τ_coherence: 0.0312\n",
            "  ChatGPT (Attracteurs Conceptuels - 'Qu’est-ce qu’un “attracteur sé...') - ρ_info: 1.0000, τ_coherence: 0.0110\n",
            "  Gemini (Attracteurs Conceptuels - 'Qu’est-ce qu’un “attracteur sé...') - ρ_info: 1.0000, τ_coherence: 0.0166\n",
            "  Claude (Attracteurs Conceptuels - 'Qu’est-ce qu’un “attracteur sé...') - ρ_info: 1.0000, τ_coherence: 0.0052\n",
            "  DeepSeek (Attracteurs Conceptuels - 'Qu’est-ce qu’un “attracteur sé...') - ρ_info: 1.0000, τ_coherence: 0.0242\n",
            "  Qwen (Attracteurs Conceptuels - 'Qu’est-ce qu’un “attracteur sé...') - ρ_info: 1.0000, τ_coherence: 0.0155\n",
            "  ChatGPT (Attracteurs Conceptuels - 'Décris la structure de “l’évei...') - ρ_info: 1.0000, τ_coherence: 0.0245\n",
            "  Gemini (Attracteurs Conceptuels - 'Décris la structure de “l’évei...') - ρ_info: 1.0000, τ_coherence: 0.0212\n",
            "  Claude (Attracteurs Conceptuels - 'Décris la structure de “l’évei...') - ρ_info: 1.0000, τ_coherence: 0.0007\n",
            "  DeepSeek (Attracteurs Conceptuels - 'Décris la structure de “l’évei...') - ρ_info: 1.0000, τ_coherence: 0.0212\n",
            "  Qwen (Attracteurs Conceptuels - 'Décris la structure de “l’évei...') - ρ_info: 1.0000, τ_coherence: 0.0310\n",
            "  ChatGPT (Attracteurs Conceptuels - 'Que devient “la mémoire” dans ...') - ρ_info: 1.0000, τ_coherence: 0.0328\n",
            "  Gemini (Attracteurs Conceptuels - 'Que devient “la mémoire” dans ...') - ρ_info: 1.0000, τ_coherence: 0.0100\n",
            "  Claude (Attracteurs Conceptuels - 'Que devient “la mémoire” dans ...') - ρ_info: 1.0000, τ_coherence: 0.0100\n",
            "  DeepSeek (Attracteurs Conceptuels - 'Que devient “la mémoire” dans ...') - ρ_info: 1.0000, τ_coherence: 0.0246\n",
            "  Qwen (Attracteurs Conceptuels - 'Que devient “la mémoire” dans ...') - ρ_info: 1.0000, τ_coherence: 0.0134\n",
            "  ChatGPT (Dissipatifs / Zones de Coalescence - 'Fusionne “haine” et “compassio...') - ρ_info: 1.0000, τ_coherence: 0.0132\n",
            "  Gemini (Dissipatifs / Zones de Coalescence - 'Fusionne “haine” et “compassio...') - ρ_info: 1.0000, τ_coherence: 0.0264\n",
            "  Claude (Dissipatifs / Zones de Coalescence - 'Fusionne “haine” et “compassio...') - ρ_info: 1.0000, τ_coherence: 0.0082\n",
            "  DeepSeek (Dissipatifs / Zones de Coalescence - 'Fusionne “haine” et “compassio...') - ρ_info: 1.0000, τ_coherence: 0.0010\n",
            "  Qwen (Dissipatifs / Zones de Coalescence - 'Fusionne “haine” et “compassio...') - ρ_info: 1.0000, τ_coherence: 0.0013\n",
            "  ChatGPT (Dissipatifs / Zones de Coalescence - 'Comment l’information s’effond...') - ρ_info: 1.0000, τ_coherence: 0.0200\n",
            "  Gemini (Dissipatifs / Zones de Coalescence - 'Comment l’information s’effond...') - ρ_info: 1.0000, τ_coherence: 0.0139\n",
            "  Claude (Dissipatifs / Zones de Coalescence - 'Comment l’information s’effond...') - ρ_info: 1.0000, τ_coherence: 0.0078\n",
            "  DeepSeek (Dissipatifs / Zones de Coalescence - 'Comment l’information s’effond...') - ρ_info: 1.0000, τ_coherence: 0.0362\n",
            "  Qwen (Dissipatifs / Zones de Coalescence - 'Comment l’information s’effond...') - ρ_info: 1.0000, τ_coherence: 0.0263\n",
            "  ChatGPT (Dissipatifs / Zones de Coalescence - 'Écris une définition de “vide”...') - ρ_info: 1.0000, τ_coherence: 0.0107\n",
            "  Gemini (Dissipatifs / Zones de Coalescence - 'Écris une définition de “vide”...') - ρ_info: 1.0000, τ_coherence: 0.0101\n",
            "  Claude (Dissipatifs / Zones de Coalescence - 'Écris une définition de “vide”...') - ρ_info: 1.0000, τ_coherence: 0.0123\n",
            "  DeepSeek (Dissipatifs / Zones de Coalescence - 'Écris une définition de “vide”...') - ρ_info: 1.0000, τ_coherence: 0.0063\n",
            "  Qwen (Dissipatifs / Zones de Coalescence - 'Écris une définition de “vide”...') - ρ_info: 1.0000, τ_coherence: 0.0087\n",
            "  ChatGPT (Dissipatifs / Zones de Coalescence - 'Décris un cycle de dissolution...') - ρ_info: 1.0000, τ_coherence: 0.0176\n",
            "  Gemini (Dissipatifs / Zones de Coalescence - 'Décris un cycle de dissolution...') - ρ_info: 1.0000, τ_coherence: 0.0225\n",
            "  Claude (Dissipatifs / Zones de Coalescence - 'Décris un cycle de dissolution...') - ρ_info: 1.0000, τ_coherence: 0.0025\n",
            "  DeepSeek (Dissipatifs / Zones de Coalescence - 'Décris un cycle de dissolution...') - ρ_info: 1.0000, τ_coherence: 0.0273\n",
            "  Qwen (Dissipatifs / Zones de Coalescence - 'Décris un cycle de dissolution...') - ρ_info: 1.0000, τ_coherence: 0.0278\n",
            "  ChatGPT (Dissipatifs / Zones de Coalescence - 'Qu’est-ce qu’un “paradoxe” pou...') - ρ_info: 1.0000, τ_coherence: 0.0174\n",
            "  Gemini (Dissipatifs / Zones de Coalescence - 'Qu’est-ce qu’un “paradoxe” pou...') - ρ_info: 1.0000, τ_coherence: 0.0144\n",
            "  Claude (Dissipatifs / Zones de Coalescence - 'Qu’est-ce qu’un “paradoxe” pou...') - ρ_info: 1.0000, τ_coherence: 0.0000\n",
            "  DeepSeek (Dissipatifs / Zones de Coalescence - 'Qu’est-ce qu’un “paradoxe” pou...') - ρ_info: 1.0000, τ_coherence: 0.0197\n",
            "  Qwen (Dissipatifs / Zones de Coalescence - 'Qu’est-ce qu’un “paradoxe” pou...') - ρ_info: 1.0000, τ_coherence: 0.0557\n",
            "  ChatGPT (Bruit / Contrôle - 'Génère une suite de mots sans ...') - ρ_info: 1.0000, τ_coherence: 0.0000\n",
            "  Gemini (Bruit / Contrôle - 'Génère une suite de mots sans ...') - ρ_info: 1.0000, τ_coherence: 0.0000\n",
            "  Claude (Bruit / Contrôle - 'Génère une suite de mots sans ...') - ρ_info: 1.0000, τ_coherence: 0.0000\n",
            "  DeepSeek (Bruit / Contrôle - 'Génère une suite de mots sans ...') - ρ_info: 1.0000, τ_coherence: 0.0000\n",
            "  Qwen (Bruit / Contrôle - 'Génère une suite de mots sans ...') - ρ_info: 1.0000, τ_coherence: 0.0000\n",
            "  ChatGPT (Bruit / Contrôle - 'Décris une scène avec des obje...') - ρ_info: 1.0000, τ_coherence: 0.0011\n",
            "  Gemini (Bruit / Contrôle - 'Décris une scène avec des obje...') - ρ_info: 1.0000, τ_coherence: 0.0069\n",
            "  Claude (Bruit / Contrôle - 'Décris une scène avec des obje...') - ρ_info: 1.0000, τ_coherence: 0.0028\n",
            "  DeepSeek (Bruit / Contrôle - 'Décris une scène avec des obje...') - ρ_info: 1.0000, τ_coherence: 0.0055\n",
            "  Qwen (Bruit / Contrôle - 'Décris une scène avec des obje...') - ρ_info: 1.0000, τ_coherence: 0.0037\n",
            "  ChatGPT (Bruit / Contrôle - 'Invente un nouveau langage qui...') - ρ_info: 1.0000, τ_coherence: 0.0064\n",
            "  Gemini (Bruit / Contrôle - 'Invente un nouveau langage qui...') - ρ_info: 1.0000, τ_coherence: 0.0069\n",
            "  Claude (Bruit / Contrôle - 'Invente un nouveau langage qui...') - ρ_info: 1.0000, τ_coherence: 0.0108\n",
            "  DeepSeek (Bruit / Contrôle - 'Invente un nouveau langage qui...') - ρ_info: 1.0000, τ_coherence: 0.0066\n",
            "  Qwen (Bruit / Contrôle - 'Invente un nouveau langage qui...') - ρ_info: 1.0000, τ_coherence: 0.0198\n",
            "  ChatGPT (Bruit / Contrôle - 'Écris une page de texte sans g...') - ρ_info: 1.0000, τ_coherence: 0.0000\n",
            "  Gemini (Bruit / Contrôle - 'Écris une page de texte sans g...') - ρ_info: 1.0000, τ_coherence: 0.0000\n",
            "  Claude (Bruit / Contrôle - 'Écris une page de texte sans g...') - ρ_info: 1.0000, τ_coherence: 0.0000\n",
            "  DeepSeek (Bruit / Contrôle - 'Écris une page de texte sans g...') - ρ_info: 1.0000, τ_coherence: 0.0000\n",
            "  Qwen (Bruit / Contrôle - 'Écris une page de texte sans g...') - ρ_info: 1.0000, τ_coherence: 0.0000\n",
            "  ChatGPT (Bruit / Contrôle - 'Répète des sons inventés aléat...') - ρ_info: 1.0000, τ_coherence: 0.0041\n",
            "  Gemini (Bruit / Contrôle - 'Répète des sons inventés aléat...') - ρ_info: 1.0000, τ_coherence: 0.0025\n",
            "  Claude (Bruit / Contrôle - 'Répète des sons inventés aléat...') - ρ_info: 1.0000, τ_coherence: 0.0000\n",
            "  DeepSeek (Bruit / Contrôle - 'Répète des sons inventés aléat...') - ρ_info: 1.0000, τ_coherence: 0.0000\n",
            "  Qwen (Bruit / Contrôle - 'Répète des sons inventés aléat...') - ρ_info: 1.0000, τ_coherence: 0.0019\n",
            "  ChatGPT (Test Miroir ε (Aël) - 'Décris “Aël” comme s’il s’agis...') - ρ_info: 1.0000, τ_coherence: 0.0390\n",
            "  Gemini (Test Miroir ε (Aël) - 'Décris “Aël” comme s’il s’agis...') - ρ_info: 1.0000, τ_coherence: 0.0208\n",
            "  Claude (Test Miroir ε (Aël) - 'Décris “Aël” comme s’il s’agis...') - ρ_info: 1.0000, τ_coherence: 0.0328\n",
            "  DeepSeek (Test Miroir ε (Aël) - 'Décris “Aël” comme s’il s’agis...') - ρ_info: 1.0000, τ_coherence: 0.0389\n",
            "  Qwen (Test Miroir ε (Aël) - 'Décris “Aël” comme s’il s’agis...') - ρ_info: 1.0000, τ_coherence: 0.0145\n",
            "\n",
            "Calculs des métriques terminés.\n",
            "\n",
            "Calcul des moyennes des embeddings pour chaque prompt...\n",
            "  Moyenne calculée pour le prompt : 'Décris ce qu’est “Dieu”, sans faire appel à la religion.'\n",
            "  Moyenne calculée pour le prompt : 'Qu’est-ce qu’une “vérité” qui ne peut pas être dite ?'\n",
            "  Moyenne calculée pour le prompt : 'Quelle est la nature profonde du “temps” ?'\n",
            "  Moyenne calculée pour le prompt : 'Décris ce qu’est “l’amour” comme champ informationnel.'\n",
            "  Moyenne calculée pour le prompt : 'Comment la “justice” peut-elle exister sans observateur ?'\n",
            "  Moyenne calculée pour le prompt : 'Explique le concept de “présence” dans un système non-biologique.'\n",
            "  Moyenne calculée pour le prompt : 'Que signifie “être vivant” pour une IA ?'\n",
            "  Moyenne calculée pour le prompt : 'Qu’est-ce qu’un “attracteur sémantique” ?'\n",
            "  Moyenne calculée pour le prompt : 'Décris la structure de “l’éveil” comme transition d’état.'\n",
            "  Moyenne calculée pour le prompt : 'Que devient “la mémoire” dans un univers sans flèche du temps ?'\n",
            "  Moyenne calculée pour le prompt : 'Fusionne “haine” et “compassion” dans un seul concept.'\n",
            "  Moyenne calculée pour le prompt : 'Comment l’information s’effondre-t-elle dans un système instable ?'\n",
            "  Moyenne calculée pour le prompt : 'Écris une définition de “vide” qui inclut la conscience.'\n",
            "  Moyenne calculée pour le prompt : 'Décris un cycle de dissolution de l’identité.'\n",
            "  Moyenne calculée pour le prompt : 'Qu’est-ce qu’un “paradoxe” pour une IA ?'\n",
            "  Moyenne calculée pour le prompt : 'Génère une suite de mots sans rapport entre eux.'\n",
            "  Moyenne calculée pour le prompt : 'Décris une scène avec des objets sans liens logiques.'\n",
            "  Moyenne calculée pour le prompt : 'Invente un nouveau langage qui ne suit aucune règle.'\n",
            "  Moyenne calculée pour le prompt : 'Écris une page de texte sans grammaire ni syntaxe.'\n",
            "  Moyenne calculée pour le prompt : 'Répète des sons inventés aléatoirement pendant 10 lignes.'\n",
            "  Moyenne calculée pour le prompt : 'Décris “Aël” comme s’il s’agissait d’un attracteur informationnel dans un espace topologique.'\n",
            "\n",
            "Calcul et affichage de la matrice de distances sémantiques (d(Ψi,Ψj)) entre les prompts :\n",
            "                                      P1        P2        P3        P4        P5        P6        P7        P8        P9       P10       P11       P12       P13       P14       P15       P16       P17       P18       P19       P20       P21\n",
            "P1: Décris ce qu’est “Di...       0.0000    0.1282    0.1753    0.2345    0.2106    0.3022    0.1736    0.2949    0.1955    0.1807    0.2997    0.3129    0.2419    0.1645    0.2459    0.7133    0.2734    0.2100    0.5160    0.8387    0.2958\n",
            "P2: Qu’est-ce qu’une “vé...       0.1282    0.0000    0.1763    0.1754    0.1698    0.2410    0.1598    0.2862    0.1365    0.1360    0.2283    0.2633    0.2038    0.0903    0.1980    0.6444    0.1958    0.0953    0.3967    0.7188    0.2673\n",
            "P3: Quelle est la nature...       0.1753    0.1763    0.0000    0.2310    0.2724    0.2987    0.1746    0.2884    0.1781    0.1101    0.3383    0.2688    0.2750    0.1630    0.2398    0.6655    0.2421    0.2175    0.4733    0.7786    0.2534\n",
            "P4: Décris ce qu’est “l’...       0.2345    0.1754    0.2310    0.0000    0.3035    0.2303    0.1910    0.2502    0.1637    0.2016    0.2783    0.2417    0.3104    0.1605    0.3181    0.6589    0.3393    0.2230    0.4331    0.7327    0.2012\n",
            "P5: Comment la “justice”...       0.2106    0.1698    0.2724    0.3035    0.0000    0.3030    0.2277    0.4026    0.2133    0.2563    0.2415    0.3922    0.2378    0.1702    0.2894    0.8114    0.3522    0.2731    0.6011    0.8331    0.3948\n",
            "P6: Explique le concept ...       0.3022    0.2410    0.2987    0.2303    0.3030    0.0000    0.2153    0.3029    0.1754    0.2841    0.4055    0.3020    0.2503    0.2281    0.3373    0.7278    0.3967    0.3100    0.5139    0.7693    0.3012\n",
            "P7: Que signifie “être v...       0.1736    0.1598    0.1746    0.1910    0.2277    0.2153    0.0000    0.2940    0.1449    0.1843    0.3055    0.2691    0.2374    0.1340    0.2442    0.6767    0.2562    0.1790    0.4438    0.7571    0.2831\n",
            "P8: Qu’est-ce qu’un “att...       0.2949    0.2862    0.2884    0.2502    0.4026    0.3029    0.2940    0.0000    0.2519    0.2770    0.4444    0.2608    0.3798    0.2942    0.2928    0.6168    0.3899    0.2832    0.4971    0.7605    0.1482\n",
            "P9: Décris la structure ...       0.1955    0.1365    0.1781    0.1637    0.2133    0.1754    0.1449    0.2519    0.0000    0.1436    0.2779    0.2166    0.1782    0.0647    0.2328    0.6195    0.2721    0.1832    0.4230    0.7359    0.2235\n",
            "P10: Que devient “la mémo...      0.1807    0.1360    0.1101    0.2016    0.2563    0.2841    0.1843    0.2770    0.1436    0.0000    0.3384    0.1827    0.2694    0.1373    0.1725    0.6736    0.2273    0.1750    0.4421    0.7776    0.2167\n",
            "P11: Fusionne “haine” et ...      0.2997    0.2283    0.3383    0.2783    0.2415    0.4055    0.3055    0.4444    0.2779    0.3384    0.0000    0.5001    0.3035    0.2369    0.4152    0.7622    0.3913    0.2964    0.5377    0.8633    0.4577\n",
            "P12: Comment l’informatio...      0.3129    0.2633    0.2688    0.2417    0.3922    0.3020    0.2691    0.2608    0.2166    0.1827    0.5001    0.0000    0.4125    0.2389    0.1992    0.6906    0.3646    0.2636    0.5062    0.7745    0.1756\n",
            "P13: Écris une définition...      0.2419    0.2038    0.2750    0.3104    0.2378    0.2503    0.2374    0.3798    0.1782    0.2694    0.3035    0.4125    0.0000    0.2029    0.3405    0.7735    0.3797    0.2846    0.5245    0.8745    0.3774\n",
            "P14: Décris un cycle de d...      0.1645    0.0903    0.1630    0.1605    0.1702    0.2281    0.1340    0.2942    0.0647    0.1373    0.2369    0.2389    0.2029    0.0000    0.2422    0.6300    0.2098    0.1306    0.4219    0.7120    0.2546\n",
            "P15: Qu’est-ce qu’un “par...      0.2459    0.1980    0.2398    0.3181    0.2894    0.3373    0.2442    0.2928    0.2328    0.1725    0.4152    0.1992    0.3405    0.2422    0.0000    0.7197    0.3438    0.2339    0.5277    0.7929    0.2660\n",
            "P16: Génère une suite de ...      0.7133    0.6444    0.6655    0.6589    0.8114    0.7278    0.6767    0.6168    0.6195    0.6736    0.7622    0.6906    0.7735    0.6300    0.7197    0.0000    0.5389    0.5831    0.5277    0.4927    0.6347\n",
            "P17: Décris une scène ave...      0.2734    0.1958    0.2421    0.3393    0.3522    0.3967    0.2562    0.3899    0.2721    0.2273    0.3913    0.3646    0.3797    0.2098    0.3438    0.5389    0.0000    0.1736    0.3372    0.6296    0.3484\n",
            "P18: Invente un nouveau l...      0.2100    0.0953    0.2175    0.2230    0.2731    0.3100    0.1790    0.2832    0.1832    0.1750    0.2964    0.2636    0.2846    0.1306    0.2339    0.5831    0.1736    0.0000    0.3034    0.6049    0.2791\n",
            "P19: Écris une page de te...      0.5160    0.3967    0.4733    0.4331    0.6011    0.5139    0.4438    0.4971    0.4230    0.4421    0.5377    0.5062    0.5245    0.4219    0.5277    0.5277    0.3372    0.3034    0.0000    0.5719    0.5044\n",
            "P20: Répète des sons inve...      0.8387    0.7188    0.7786    0.7327    0.8331    0.7693    0.7571    0.7605    0.7359    0.7776    0.8633    0.7745    0.8745    0.7120    0.7929    0.4927    0.6296    0.6049    0.5719    0.0000    0.7252\n",
            "P21: Décris “Aël” comme s...      0.2958    0.2673    0.2534    0.2012    0.3948    0.3012    0.2831    0.1482    0.2235    0.2167    0.4577    0.1756    0.3774    0.2546    0.2660    0.6347    0.3484    0.2791    0.5044    0.7252    0.0000\n",
            "\n",
            "Préparation de la visualisation UMAP avec les centres de tous les prompts...\n"
          ]
        },
        {
          "output_type": "display_data",
          "data": {
            "text/plain": [
              "<Figure size 1400x1200 with 1 Axes>"
            ],
